7 15 31 56.000000 0.437500
8 17 57 85.169925 0.332695
9 20 107 138.392317 0.270297
10 22 204 238.523562 0.232933
11 25 393 430.700440 0.210303
12 27 761 801.807355 0.195754
13 29 1483 1526.906891 0.186390
14 32 2894 2941.044394 0.179507
15 34 5664 5714.129283 0.174381
16 36 11112 11165.209453 0.170368
17 39 21830 21886.321928 0.166979
18 41 42927 42986.392317 0.163980
19 43 84538 84600.459432 0.161363
20 45 166685 166750.523562 0.159026
21 47 328990 329058.584963 0.156907
22 50 649519 649590.672425 0.154874
23 52 1283309 1283383.727920 0.152991
24 54 2537525 2537602.781360 0.151253
25 56 5020915 5020995.832890 0.149637
26 58 9940602 9940685.882643 0.148128
27 61 19690686 19690772.954196 0.146708
28 63 39006358 39006448.000000 0.145310
29 65 77307363 77307456.044394 0.143996
30 67 153286334 153286430.087463 0.142759
31 69 304059411 304059510.129283 0.141589
32 71 603346322 603346424.169925 0.140478
33 73 1197611043 1197611148.209453 0.139420
34 75 2377904491 2377904599.247928 0.138412
35 78 4721893441 4721893552.303781 0.137425
36 80 9378245265 9378245379.339849 0.136471
37 82 18631272150 18631272267.375038 0.135560
38 84 37022827648 37022827768.409393 0.134688
39 86 73586106265 73586106388.442947 0.133852
40 88 146289365641 146289365767.475739 0.133049
41 90 290880295189 290880295318.507812 0.132277
42 92 578488106856 578488106988.539185 0.131533
43 94 1150662401253 1150662401388.569824 0.130815
44 97 2289023365037 2289023365175.614746 0.130116
45 99 4553766974380 4553766974521.643555 0.129426
46 101 9060695377746 9060695377890.671875 0.128760
47 103 18030888417623 18030888417770.699219 0.128117
48 105 35886765156730 35886765156880.726562 0.127495
49 107 71434689190326 71434689190479.750000 0.126893
50 109 142212766806060 142212766806216.781250 0.126310
51 111 283188086471050 283188086471209.812500 0.125761
52 113 564223174643561 564223174643723.875000 0.125283
52 113 564114684965324 564114684965486.875000 0.125259
53 113 1128229369930648 1128229369930813.750000 0.125259
54 117 2238498625190079 2238498625190248.000000 0.124262
55 119 4460354755931295 4460354755931467.000000 0.123800
56 122 8898502806719770 8898502806719945.000000 0.123492

